Alpine function Stacionary GA con operadores tramposos Por torneo
Iteracion,Tiempo_ms,Sol,Iter_sol,Dimension
1,849.78,0.01,7,10
2,1406.68,0.01,7,10
3,1412.69,0.01,5,10
4,850.40,0.07,4,10
5,1531.56,0.05,8,10
6,1288.66,0.03,8,10
7,740.32,0.02,8,10
8,670.40,0.01,3,10
9,239.54,0.02,7,10
10,223.76,0.01,8,10
11,177.35,0.13,6,10
12,437.77,0.01,5,10
13,160.30,0.01,7,10
14,172.71,0.02,4,10
15,428.29,0.02,5,10
16,183.59,0.07,8,10
17,366.07,0.01,1,10
18,266.43,0.04,6,10
19,329.71,0.01,7,10
20,241.26,0.01,7,10
1,447.95,0.05,5,30
2,350.89,0.31,8,30
3,262.28,0.17,5,30
4,299.13,0.02,4,30
5,363.70,0.11,7,30
6,453.70,0.01,5,30
7,318.10,0.04,8,30
8,200.11,0.04,1,30
9,309.60,0.02,8,30
10,117.18,0.04,6,30
11,210.92,0.03,8,30
12,186.34,0.05,8,30
13,443.16,0.02,5,30
14,396.12,0.01,6,30
15,208.75,0.02,3,30
16,475.59,0.07,5,30
17,462.62,0.01,7,30
18,320.63,0.02,8,30
19,321.04,0.01,5,30
20,345.15,0.02,8,30
Dixon function Stacionary GA con operadores tramposos Por torneo
Iteracion,Tiempo_ms,Sol,Iter_sol,Dimension
1,243.81,2.80,4,10
2,448.04,13.07,6,10
3,427.90,0.81,4,10
4,277.80,1.89,7,10
5,302.67,0.68,8,10
6,243.85,0.99,8,10
7,475.72,4.65,8,10
8,172.86,1.99,7,10
9,391.27,3.41,7,10
10,250.39,0.62,8,10
11,271.42,0.75,5,10
12,295.75,2.01,8,10
13,162.73,0.84,4,10
14,387.55,0.74,8,10
15,347.70,1.54,4,10
16,499.25,0.50,8,10
17,276.16,4.54,8,10
18,149.89,0.65,7,10
19,553.27,5.02,8,10
20,345.47,4.92,4,10
1,210.89,1.66,4,30
2,349.47,0.45,7,30
3,302.10,4.91,5,30
4,272.98,1.59,5,30
5,269.79,1.65,6,30
6,500.50,0.62,3,30
7,320.65,3.19,8,30
8,184.83,0.77,5,30
9,389.81,0.98,8,30
10,305.57,1.88,6,30
11,119.66,10.15,8,30
12,166.59,7.03,6,30
13,334.29,0.66,4,30
14,237.26,1.77,1,30
15,401.37,1.61,8,30
16,371.09,1.30,6,30
17,455.91,2.82,1,30
18,223.68,3.85,7,30
19,260.06,2.05,6,30
20,458.12,0.89,2,30
Quintic function Stacionary GA con operadores tramposos Por torneo
Iteracion,Tiempo_ms,Sol,Iter_sol,Dimension
1,393.73,0.11,8,10
2,153.19,0.15,2,10
3,230.00,0.12,8,10
4,230.54,0.14,8,10
5,395.09,0.19,7,10
6,439.88,0.12,4,10
7,338.38,0.12,4,10
8,280.92,0.11,7,10
9,349.64,0.19,6,10
10,409.68,0.13,8,10
11,410.26,0.11,6,10
12,403.98,0.15,8,10
13,408.02,0.25,0,10
14,310.58,0.15,3,10
15,307.93,0.19,2,10
16,289.17,0.18,6,10
17,351.00,0.11,8,10
18,404.78,0.14,5,10
19,380.02,0.13,8,10
20,257.95,0.13,5,10
1,211.04,0.16,7,30
2,342.31,0.06,7,30
3,315.08,0.13,7,30
4,169.81,0.13,8,30
5,294.84,0.11,0,30
6,110.12,0.23,3,30
7,288.60,0.09,8,30
8,338.62,0.18,8,30
9,372.22,0.19,8,30
10,260.71,0.11,4,30
11,371.29,0.13,7,30
12,521.14,0.16,2,30
13,342.63,0.15,7,30
14,407.52,0.12,5,30
15,435.07,0.07,8,30
16,453.95,0.18,8,30
17,398.75,0.15,4,30
18,385.92,0.07,7,30
19,323.23,0.19,7,30
20,224.70,0.15,8,30
Schwefel function Stacionary GA con operadores tramposos Por torneo
Iteracion,Tiempo_ms,Sol,Iter_sol,Dimension
1,407.30,0.00,8,10
2,157.66,0.00,7,10
3,258.05,0.00,6,10
4,528.83,0.00,8,10
5,140.70,0.00,0,10
6,71.36,0.00,0,10
7,105.02,0.00,8,10
8,269.36,0.00,7,10
9,309.79,0.00,7,10
10,215.22,0.00,6,10
11,237.73,0.00,8,10
12,279.88,0.00,5,10
13,135.80,0.00,2,10
14,380.23,0.00,5,10
15,426.81,0.00,7,10
16,290.67,0.00,5,10
17,333.61,0.04,6,10
18,407.67,0.00,7,10
19,249.75,0.00,6,10
20,332.02,0.00,5,10
1,274.33,0.00,3,30
2,271.53,0.00,7,30
3,82.76,0.00,7,30
4,363.90,0.00,1,30
5,325.82,0.00,5,30
6,338.16,0.00,6,30
7,140.08,0.00,2,30
8,186.88,0.00,3,30
9,332.81,0.00,6,30
10,336.81,0.00,8,30
11,143.52,0.00,8,30
12,420.53,0.00,8,30
13,322.25,0.00,5,30
14,457.01,0.00,4,30
15,307.65,0.00,6,30
16,212.45,0.00,5,30
17,198.34,0.00,7,30
18,230.45,0.00,7,30
19,211.56,0.00,7,30
20,282.76,0.00,5,30
Streched function Stacionary GA con operadores tramposos Por torneo
Iteracion,Tiempo_ms,Sol,Iter_sol,Dimension
1,149.58,0.46,8,10
2,212.61,0.33,6,10
3,455.70,0.38,7,10
4,405.96,0.43,5,10
5,333.74,0.74,7,10
6,242.12,0.69,4,10
7,356.93,0.53,7,10
8,291.66,0.57,2,10
9,213.04,0.37,8,10
10,299.11,0.29,8,10
11,549.97,0.48,5,10
12,444.88,0.84,8,10
13,301.36,1.50,0,10
14,560.30,0.44,8,10
15,410.75,0.43,8,10
16,309.34,0.65,5,10
17,256.27,0.69,7,10
18,177.08,0.80,7,10
19,413.17,0.82,0,10
20,361.15,0.75,4,10
1,203.66,0.88,8,30
2,221.23,0.52,8,30
3,173.09,0.95,7,30
4,419.20,1.00,1,30
5,372.18,0.35,7,30
6,362.23,0.71,6,30
7,252.06,0.63,7,30
8,118.43,0.47,2,30
9,252.06,0.74,8,30
10,379.27,0.52,5,30
11,461.97,0.74,6,30
12,189.11,0.65,0,30
13,237.53,0.83,8,30
14,165.93,1.27,7,30
15,348.36,1.05,8,30
16,432.02,0.43,8,30
17,369.84,0.49,7,30
18,160.76,0.55,1,30
19,343.03,0.51,2,30
20,325.35,0.68,4,30
Sum Squares function Stacionary GA con operadores tramposos Por torneo
Iteracion,Tiempo_ms,Sol,Iter_sol,Dimension
1,208.00,0.75,6,10
2,377.51,0.02,7,10
3,356.69,0.03,3,10
4,227.28,0.01,6,10
5,295.14,0.08,7,10
6,248.12,0.11,4,10
7,218.29,0.05,1,10
8,292.13,0.04,7,10
9,178.82,0.52,6,10
10,300.42,1.09,3,10
11,343.13,0.06,1,10
12,280.28,0.10,3,10
13,297.79,0.34,5,10
14,256.70,0.11,8,10
15,164.54,0.05,7,10
16,193.65,2.23,1,10
17,334.64,0.11,0,10
18,163.42,0.08,2,10
19,389.53,0.07,2,10
20,391.67,0.03,4,10
1,379.19,0.10,8,30
2,285.65,0.04,6,30
3,222.14,0.03,5,30
4,410.13,0.08,5,30
5,314.50,0.15,7,30
6,246.36,0.17,4,30
7,387.01,0.04,5,30
8,97.44,0.07,4,30
9,257.03,0.02,1,30
10,232.01,0.02,8,30
11,295.22,0.15,6,30
12,166.07,0.10,5,30
13,147.03,0.01,8,30
14,93.48,0.02,7,30
15,285.76,0.10,8,30
16,103.77,0.06,1,30
17,312.85,0.06,7,30
18,305.48,0.06,7,30
19,248.25,0.04,5,30
20,255.93,0.05,7,30
Alpine function Generational GA con operadores tramposos Por torneo
Iteracion,Tiempo_ms,Gen_sol,Iter_gen,Sol_gen,Sol,Iter_sol,Dimension
1,4485.12,51,6,2.04,14.87,8,10
2,2249.02,112,8,2.17,8.08,7,10
3,3379.66,41,8,1.87,19.11,7,10
4,2252.34,203,1,3.36,18.54,0,10
5,2207.63,184,7,6.87,20.23,7,10
6,2280.11,273,5,2.58,14.72,7,10
7,3373.18,456,4,2.53,14.49,4,10
8,3372.93,4,0,1.70,15.08,7,10
9,2262.97,354,7,3.52,20.93,8,10
10,2268.02,405,2,2.49,23.68,7,10
11,2269.68,206,7,2.24,4.44,7,10
12,2252.95,385,1,3.23,20.49,6,10
13,2237.46,317,4,3.37,20.64,7,10
14,3346.65,392,8,5.84,19.17,1,10
15,2270.76,110,3,3.20,19.90,6,10
16,2267.96,475,6,4.40,20.57,0,10
17,2282.00,38,6,5.88,17.83,8,10
18,3386.02,421,5,2.84,16.81,0,10
19,3370.68,258,0,3.65,20.06,0,10
20,2276.98,424,8,2.23,17.33,6,10
1,2246.81,124,5,4.28,13.32,0,30
2,2245.69,23,7,4.43,22.08,7,30
3,3384.28,140,6,1.52,28.74,2,30
4,2255.40,199,7,2.33,11.23,6,30
5,2251.95,358,0,4.03,20.96,0,30
6,3325.61,62,4,3.45,16.96,7,30
7,3370.08,248,5,2.51,18.35,9,30
8,3384.10,310,8,3.06,12.18,5,30
9,3380.99,266,4,2.96,18.18,2,30
10,3347.80,67,3,3.29,16.05,5,30
11,2263.79,266,2,3.49,14.10,6,30
12,3408.70,58,7,5.87,19.85,7,30
13,2246.35,55,4,3.52,18.53,1,30
14,3344.20,134,2,2.05,11.94,6,30
15,3293.19,139,2,3.69,18.34,4,30
16,3368.04,10,0,2.44,14.84,4,30
17,3363.69,132,4,1.30,17.52,1,30
18,3388.16,220,6,5.13,17.07,0,30
19,3390.55,64,3,2.12,12.09,8,30
20,2258.76,400,5,6.88,14.20,3,30
Dixon function Generational GA con operadores tramposos Por torneo
Iteracion,Tiempo_ms,Gen_sol,Iter_gen,Sol_gen,Sol,Iter_sol,Dimension
1,3496.74,82,8,68.41,895.89,4,10
2,2337.23,133,8,73.62,426.42,2,10
3,3534.30,371,8,52.47,1060.70,5,10
4,2414.16,434,7,104.01,447.30,4,10
5,3558.15,274,8,54.04,628.46,6,10
6,2413.58,327,7,43.34,493.70,1,10
7,2373.45,76,2,60.92,539.44,5,10
8,2408.95,315,0,51.69,498.79,9,10
9,2378.02,28,1,87.74,496.65,2,10
10,3616.00,293,7,85.47,459.87,7,10
11,2427.10,477,6,55.53,951.86,4,10
12,2381.24,0,6,36.37,320.97,0,10
13,2420.22,218,8,54.74,764.63,7,10
14,2379.68,164,6,50.42,515.18,0,10
15,3603.63,235,3,53.68,458.77,9,10
16,3583.09,83,0,17.74,140.72,7,10
17,3576.72,184,7,43.58,647.59,8,10
18,3606.09,399,5,42.77,503.16,8,10
19,3611.43,44,6,56.76,903.45,1,10
20,3610.48,210,5,58.63,823.63,8,10
1,3574.94,228,7,76.86,968.51,4,30
2,3566.90,369,6,35.83,1114.12,1,30
3,3550.21,431,8,72.63,783.70,2,30
4,2380.91,372,7,81.85,837.31,2,30
5,2390.05,75,1,81.32,1383.45,0,30
6,3605.67,181,3,51.53,483.38,4,30
7,2424.51,410,1,84.28,1079.58,6,30
8,2361.06,143,3,53.46,1027.55,5,30
9,3579.56,320,5,37.71,692.22,0,30
10,2417.34,453,4,98.41,789.45,2,30
11,2234.87,138,7,41.32,677.80,6,30
12,3564.72,106,4,38.30,1275.19,8,30
13,3566.74,143,5,97.11,1081.75,3,30
14,3467.53,499,6,88.91,255.02,6,30
15,2260.43,309,8,47.24,387.51,4,30
16,1371.32,297,7,54.59,891.80,6,30
17,1364.76,247,0,46.89,865.82,6,30
18,2041.15,144,2,46.45,829.14,0,30
19,2980.86,10,7,22.22,869.21,2,30
20,3653.50,389,5,40.01,930.82,6,30
Quintic function Generational GA con operadores tramposos Por torneo
Iteracion,Tiempo_ms,Gen_sol,Iter_gen,Sol_gen,Sol,Iter_sol,Dimension
1,4215.47,17,8,85.82,26934.73,4,10
2,2901.94,117,3,102.85,34345.00,7,10
3,2554.50,38,4,100.87,18456.87,7,10
4,1583.53,382,4,123.34,70577.57,1,10
5,2294.42,286,4,102.93,119563.98,6,10
6,1597.28,35,8,166.35,70490.06,7,10
7,2520.93,319,5,36.01,35428.00,7,10
8,2908.84,94,3,143.41,44897.53,0,10
9,4313.95,230,6,34.77,72131.78,3,10
10,4306.46,312,4,55.94,22677.08,0,10
11,4339.15,345,0,249.95,43735.90,6,10
12,2892.01,399,5,235.33,4924.93,2,10
13,2816.33,314,3,25.02,23812.89,3,10
14,2879.91,24,7,48.70,85422.43,0,10
15,4281.56,162,7,250.21,39993.47,3,10
16,4346.18,499,6,51.21,51.21,6,10
17,4305.53,366,2,25.07,24863.07,6,10
18,4317.96,472,3,190.48,11306.17,5,10
19,4308.68,49,5,24.90,49343.17,9,10
20,4310.55,352,0,41.07,104117.75,8,10
1,4262.63,414,6,59.33,125336.46,4,30
2,2906.39,187,5,177.78,6328.32,3,30
3,4296.43,249,3,14.18,32950.88,2,30
4,2878.30,156,3,126.56,45293.00,7,30
5,2883.92,228,0,91.09,7475.13,6,30
6,4299.09,64,8,164.06,46607.33,5,30
7,2889.62,20,5,55.99,34058.26,6,30
8,4307.74,370,1,80.40,22497.01,1,30
9,2876.39,97,6,49.04,110375.16,9,30
10,2855.38,313,2,33.53,41375.46,2,30
11,4327.46,77,7,49.67,3139.77,7,30
12,2875.92,183,8,11.20,36362.48,3,30
13,2919.70,3,5,77.55,8024.31,6,30
14,4329.16,54,4,18.65,28991.67,7,30
15,2892.41,237,6,33.31,8085.48,5,30
16,2909.05,50,7,285.03,8368.91,3,30
17,4300.37,414,8,180.50,15302.25,3,30
18,4337.12,191,5,90.45,90202.93,4,30
19,4362.06,131,8,45.12,32718.35,7,30
20,2902.20,350,1,68.03,66292.54,8,30
Schwefel function Generational GA con operadores tramposos Por torneo
Iteracion,Tiempo_ms,Gen_sol,Iter_gen,Sol_gen,Sol,Iter_sol,Dimension
1,2384.02,400,7,148882.88,177356764.42,9,10
2,2115.00,240,8,65083.39,1773585689.46,3,10
3,2133.15,196,6,20534.73,2449145411.25,5,10
4,3205.58,23,1,10878.91,710827094.68,5,10
5,2108.63,444,7,381.00,657970708.04,6,10
6,3185.85,354,7,31946.10,393896542.65,7,10
7,3207.74,95,7,9484.14,4282257617.90,7,10
8,3145.37,185,8,2376.84,152280486.34,0,10
9,2134.70,236,4,94831.98,411723243.50,1,10
10,3207.78,254,7,95652.83,21321263.41,3,10
11,2112.15,335,8,4515.59,2771609474.25,4,10
12,2100.55,412,4,37813.02,511953106.79,8,10
13,2128.80,99,1,65149.98,2449702784.91,4,10
14,2152.52,133,7,3029.05,2200128302.06,1,10
15,3211.25,41,6,862.35,3360360073.56,6,10
16,3149.18,5,5,62.45,712007393.28,7,10
17,2116.04,48,5,6926.49,1135084826.93,9,10
18,3200.77,17,3,64230.80,2082767785.15,5,10
19,3156.63,184,5,3465.48,1475430029.69,3,10
20,3186.92,397,7,621.43,2124149600.64,5,10
1,3199.25,142,1,23341.65,1288487442.30,3,30
2,3153.30,141,4,2671.08,865118434.04,1,30
3,2148.07,288,3,30432.30,1907087647.14,4,30
4,2124.37,207,0,3746.13,69876888.59,8,30
5,2132.91,419,5,54.13,1009997269.79,9,30
6,3193.04,150,8,6322.25,266470133.84,6,30
7,3123.79,85,7,13229.33,1444270945.81,7,30
8,3174.72,169,8,103785.51,1133678204.05,6,30
9,2151.82,302,8,288.96,2547129544.56,7,30
10,2153.49,308,6,6165.26,1750101543.46,3,30
11,2155.87,324,3,6630.62,174754298.43,5,30
12,2136.45,288,4,205.59,1495481730.14,9,30
13,3195.63,371,6,1.81,161382581.23,6,30
14,2110.71,410,4,64170.24,51359782.41,2,30
15,3167.84,366,8,396.56,599819784.04,8,30
16,2125.86,416,8,45957.37,4003368069.55,6,30
17,2146.80,220,4,59518.88,5376983575.54,8,30
18,2123.93,188,6,18856.47,1664534420.84,6,30
19,3160.79,18,4,23826.23,551275199.52,7,30
20,2125.75,29,5,121.78,1464104366.79,1,30
Streched function Generational GA con operadores tramposos Por torneo
Iteracion,Tiempo_ms,Gen_sol,Iter_gen,Sol_gen,Sol,Iter_sol,Dimension
1,3683.04,164,1,2.35,8.90,5,10
2,4189.45,318,1,2.19,6.92,2,10
3,2825.40,480,5,2.47,9.22,9,10
4,4247.32,271,4,3.10,8.97,5,10
5,2832.27,366,2,2.76,6.24,1,10
6,2853.94,13,7,2.62,5.84,3,10
7,4229.83,436,6,2.65,4.73,4,10
8,2842.98,390,7,2.70,9.20,9,10
9,4246.65,211,7,3.07,5.90,8,10
10,2847.44,229,6,3.17,8.97,8,10
11,2832.20,68,6,2.23,6.20,8,10
12,4231.51,277,1,2.89,8.65,8,10
13,4182.49,96,7,2.54,10.22,4,10
14,2817.86,340,2,2.50,8.72,4,10
15,2848.27,85,8,2.80,5.31,9,10
16,4227.78,195,7,3.35,8.40,4,10
17,4231.68,354,7,2.29,7.83,7,10
18,4264.29,355,2,2.65,9.48,2,10
19,4269.60,356,5,1.55,7.52,1,10
20,2815.34,155,4,3.09,9.33,8,10
1,4213.68,219,7,2.39,5.51,9,30
2,4246.48,474,7,2.36,8.98,1,30
3,4233.82,261,8,2.78,10.49,6,30
4,4245.47,5,7,2.28,9.36,8,30
5,4211.46,420,3,2.47,7.05,2,30
6,2812.04,491,3,3.24,7.07,8,30
7,4234.67,256,6,2.20,10.44,6,30
8,4236.53,278,3,2.47,5.91,3,30
9,2822.23,100,8,2.93,6.36,4,30
10,2812.24,49,1,2.74,8.56,0,30
11,2837.02,232,5,2.40,5.12,6,30
12,2824.98,225,3,3.14,6.39,0,30
13,2844.35,176,3,2.22,8.55,9,30
14,2837.66,341,2,3.32,10.17,4,30
15,4223.36,369,0,2.66,5.35,8,30
16,2851.74,434,7,2.49,8.55,6,30
17,4228.45,249,4,2.56,10.76,8,30
18,4279.10,365,6,1.80,9.48,2,30
19,4231.89,109,5,2.31,7.63,7,30
20,2804.21,425,8,2.08,7.54,3,30
Sum Squares function Generational GA con operadores tramposos Por torneo
Iteracion,Tiempo_ms,Gen_sol,Iter_gen,Sol_gen,Sol,Iter_sol,Dimension
1,3847.39,374,7,104.76,912.28,1,10
2,3637.17,173,7,87.07,1349.17,8,10
3,2266.60,254,3,81.45,931.75,5,10
4,2296.31,59,7,77.15,452.17,9,10
5,3402.40,123,3,39.42,1143.50,4,10
6,2264.15,251,0,54.85,373.76,4,10
7,3422.35,199,6,24.75,507.00,1,10
8,3386.59,493,0,38.42,694.24,8,10
9,2275.09,302,5,66.86,1302.88,1,10
10,2261.55,400,5,53.12,693.60,6,10
11,2268.00,202,2,48.87,384.92,7,10
12,3390.46,331,6,102.03,582.40,5,10
13,3396.01,490,3,65.21,914.15,5,10
14,2270.90,498,6,27.93,405.73,8,10
15,3397.27,321,7,27.97,1083.75,3,10
16,2296.30,343,8,72.30,1031.20,0,10
17,3427.81,75,5,41.13,700.99,0,10
18,3393.88,468,4,74.45,1206.67,8,10
19,2275.64,89,4,70.72,1077.94,6,10
20,2273.73,196,7,42.07,695.32,1,10
1,2299.07,348,8,61.92,1274.54,0,30
2,2263.50,491,6,96.45,1095.36,0,30
3,3423.47,410,5,16.27,474.61,3,30
4,3398.73,270,7,88.74,432.05,2,30
5,3394.41,111,8,55.90,430.35,5,30
6,3393.35,115,8,39.30,212.12,4,30
7,3423.95,153,0,94.24,1187.46,4,30
8,3380.40,172,5,6.88,666.63,4,30
9,2266.16,124,5,24.49,752.26,5,30
10,3436.63,215,3,69.10,166.68,4,30
11,3416.16,219,0,24.58,1030.94,7,30
12,3414.82,9,0,23.27,724.71,8,30
13,2287.00,256,3,75.28,765.14,5,30
14,3425.76,378,5,52.77,700.63,7,30
15,3397.95,230,3,75.99,900.12,5,30
16,2275.30,291,7,31.34,581.91,5,30
17,3404.67,466,8,15.90,656.33,4,30
18,2303.91,15,5,20.90,1354.50,8,30
19,3421.82,272,5,93.85,502.72,5,30
20,2280.38,14,6,4.78,867.56,8,30
